1.034 2806.0 2.916506650429861
1.052 840.0 4.198104795166687
1.038 1846.0 3.5643868286502505
1.05 915.0 3.889533634005194
1.026 2729.0 2.3818363422588926
1.052 762.0 3.912621740097578
1.034 2821.0 2.787780741973495
1.046 1468.0 3.7169340582743535
1.056 435.0 4.322014214691692
1.05 599.0 3.938270179547367
1.046 1030.0 3.7842454997733976
1.036 2633.0 2.963450176755729
1.046 1538.0 3.660763158160316
1.042 1554.0 3.2642163971555247
1.038 2057.0 3.097206615966198
1.062 327.0 4.608653892642594
1.036 2205.0 2.9286293155747463
1.038 2327.0 3.0607935894529525
1.04 1820.0 3.2937123646763244
1.036 1824.0 3.3676131932149054
1.04 1582.0 3.3751871871605874
1.066 195.0 4.160505699170983
1.044 1338.0 3.697155771329897
1.07 166.0 4.844344641140696
1.032 2737.0 2.713552160846968
1.046 1087.0 3.747749380218024
1.062 324.0 4.662324815869408
1.05 871.0 4.153585284018019
1.048 1017.0 3.770684398021938
1.042 1550.0 3.6986732361784886
1.04 1894.0 3.369415091069432
1.038 2769.0 2.893742648424149
1.036 2408.0 2.996075250193811
1.04 1733.0 3.3151620396809736
1.034 2366.0 2.781163345253768
1.042 1624.0 3.5971966595816034
1.08 65.0 4.737662220527246
1.042 1796.0 3.247187768289577
1.042 1367.0 3.42675744813121
1.074 137.0 4.986182136214834
1.038 1696.0 3.260751933810387
1.062 505.0 4.263213396530599
1.048 954.0 3.954580304664597
1.05 819.0 4.053185924036279
1.076 113.0 4.787128478205325
1.074 121.0 4.547055680399363
1.036 2903.0 2.808173794064272
1.06 343.0 4.784149938023627
1.058 588.0 4.282990350367774
1.06 502.0 4.681676450982079
1.074 91.0 4.776908758853581
1.06 409.0 4.850832337162851
1.044 1195.0 3.5285670771934785
1.044 1245.0 3.631972693191434
1.046 1484.0 3.855589816251592
1.04 1406.0 3.2977150580952825
1.034 2155.0 2.8753040200036626
1.034 2521.0 2.786555263720951
1.034 2607.0 2.7393628958816727
1.032 2880.0 2.60545077756902
1.034 2190.0 2.798128788432185
1.04 1629.0 3.432502580718175
1.036 2902.0 2.783909560744459
1.036 2232.0 3.0717547489259127
1.04 1951.0 3.1872140741899635
1.032 2525.0 2.669683891902006
1.034 2560.0 2.8765514813193884
1.078 64.0 4.612117758011556
1.036 2158.0 2.895266918517746
1.036 2297.0 3.1634585889183584
1.04 1953.0 3.270134717518975
1.066 256.0 4.311604495393349
1.034 2440.0 2.7903675420833767
1.046 1492.0 3.6884816415295543
1.034 2673.0 2.771952505975132
1.058 460.0 3.9842555762746064
1.034 2836.0 2.819636614439026
1.042 1354.0 3.495578877769285
1.04 1866.0 3.4067676280113988
1.06 388.0 4.264229551205569
1.046 1078.0 3.7581940018620426
1.064 258.0 4.449581320951939
1.032 2992.0 2.513902745539997
1.054 644.0 4.045750439669472
1.056 406.0 4.087820825902384
1.03 2905.0 2.2721572549831297
1.034 2558.0 2.6862246995801464
1.032 2686.0 2.665944344189064
1.06 486.0 4.415919520060926
1.032 2389.0 2.473746028918985
1.054 869.0 4.161175983926564
1.042 1496.0 3.566808247987841
1.038 2742.0 2.971897805701873
1.042 1599.0 3.690340324221949
1.04 1983.0 3.776044037235378
1.048 1015.0 3.952821437334273
1.068 249.0 4.839911983741929
1.054 804.0 4.168716395861582
1.036 2146.0 2.9395266408935314
1.058 616.0 4.152814309016263
1.058 570.0 4.543991664925674
1.052 728.0 4.549136857599121
1.036 2632.0 2.8652500652052857
1.052 868.0 3.9812168661927614
1.048 1032.0 3.950625538569515
1.052 772.0 4.076445178109872
1.036 2667.0 2.7511489883133606
1.052 644.0 4.151635067983813
1.04 1906.0 3.4869706526406805
1.04 1716.0 3.118122815871424
1.056 555.0 4.1747596522923045
1.042 1585.0 3.804060001283293
1.064 272.0 4.361606815193736
1.036 2096.0 2.928134843314941
1.038 2427.0 3.1438798234437493
1.04 1627.0 3.2261618233754
1.036 2439.0 2.959572107502632
1.032 2263.0 2.589126526345616
1.034 1836.0 2.931030334923418
1.044 1919.0 3.3036124430653757
1.038 2046.0 3.4851110879584684
1.036 2407.0 3.10213674986167
1.03 2709.0 2.491012712227632
1.032 2735.0 2.8325554892020857
1.054 595.0 3.7965042352629137
1.038 1925.0 3.3530256889176275
1.068 209.0 4.642864464080596
1.052 897.0 4.037102997710809
1.05 977.0 3.955975661423647
1.038 1913.0 3.118491013520008
1.054 730.0 4.2772381197485005
1.042 1302.0 3.5960682147043586
1.048 1072.0 3.9109461825132863
1.058 438.0 4.545890810463102
1.036 2374.0 3.023052695580412
1.04 1513.0 3.290188998768089
1.044 1393.0 3.5671208085326604
1.054 677.0 3.891757010531665
1.07 133.0 4.653097135970972
1.046 1074.0 3.7857663424740022
1.038 2838.0 3.1539942201795594
1.034 2410.0 2.864054257154497
1.044 1315.0 3.5341695332819234
1.034 2562.0 2.8666111985838345
1.048 1092.0 3.8149145556555206
1.03 2472.0 2.6006580107841244
1.05 718.0 3.9593661461475658
1.042 1546.0 3.4178994028614254
1.064 251.0 4.396935177830849
1.044 1630.0 3.900618920928585
1.04 1580.0 3.23048672089992
1.042 1415.0 3.1679856667474304
1.068 167.0 5.018281508961764
1.036 2362.0 2.973432376726039
1.036 2376.0 2.7782717078657115
1.044 1432.0 3.615511508188437
1.07 121.0 4.4069097783728095
1.06 383.0 4.36771291998153
1.034 2400.0 2.979869538022659
1.066 248.0 5.073671495765484
1.046 1114.0 3.7735136168965577
1.044 1441.0 3.6519287785528736
1.05 839.0 3.956162078027804
1.062 382.0 4.768394298527728
1.06 368.0 4.84282767576223
1.036 2597.0 2.8301471594460645
1.054 993.0 4.111021793677067
1.038 2547.0 3.056879115160488
1.052 675.0 4.006639640473987
1.034 2760.0 2.7637863480124487
1.038 2001.0 3.2292405848784598
1.044 1429.0 3.747976143915545
1.034 2605.0 2.782652667888968
1.048 882.0 3.870115013439545
1.062 332.0 4.62626067629091
1.034 1943.0 2.979089222170326
1.042 1549.0 3.408842916163627
1.074 122.0 4.519256447506918
1.032 2473.0 2.7531947506650654
1.038 1631.0 3.335453636867347
1.052 820.0 4.064734044818852
1.042 1499.0 3.609314301499952
1.044 1550.0 3.5701058756180664
1.038 2874.0 2.961098648750826
1.036 1794.0 2.706814916161089
1.068 213.0 4.500734929831286
1.042 1488.0 3.560711632113119
1.036 2362.0 3.0989886401448823
1.048 1162.0 3.7482912573619136
1.052 667.0 3.574177231018321
1.044 1783.0 3.5812876062506844
1.044 1699.0 3.402107365707059
1.054 646.0 3.9530436366844106
1.072 172.0 4.6293403328255485
1.042 1834.0 2.83845063013293
1.032 2774.0 2.579959084323169
1.046 1324.0 3.6761747606913473
1.066 266.0 5.276805729417237
1.042 1555.0 3.225955469818693
1.046 931.0 3.914844591594944
1.044 1481.0 3.6862065047250616
1.076 77.0 5.000488970230014
1.046 1135.0 3.715056131380332
1.032 2920.0 2.60991605436839
1.046 1226.0 3.686526948681109
1.034 2657.0 2.714006707650218
1.052 858.0 4.057408184331635
1.038 2606.0 2.997409291122658
1.046 876.0 3.906496526483092
1.052 677.0 4.368632741235137
1.046 1073.0 3.7579828649616553
1.034 2943.0 2.720923124304681
1.036 2327.0 3.0495544833162938
1.032 2564.0 2.582428076674812
1.04 1983.0 3.2472612470959974
1.032 2757.0 2.555680655606896
1.056 596.0 4.431843657795092
1.038 1604.0 3.321601772814028
1.048 1015.0 3.9340270099718047
1.048 901.0 3.6461706755936647
1.052 760.0 4.100748038093824
1.036 2224.0 2.88760156628586
1.038 2857.0 2.876197601512748
1.046 1191.0 3.729822488933326
1.056 555.0 4.099888182470642
1.062 425.0 4.42518484262067
1.034 2941.0 2.779439482712237
1.066 270.0 4.328790664157818
1.042 1902.0 2.9800780479509967
1.034 1806.0 2.44890820357842
1.066 319.0 5.218722658680766
1.042 2091.0 3.045409095095511
1.04 1863.0 3.0838018109678345
1.038 2044.0 3.2049303350240828
1.034 2864.0 2.7807776161940265
1.036 2518.0 3.0085046775720388
1.054 608.0 4.238109053705228
1.04 1916.0 3.2455823798123564
1.046 1121.0 3.778174454224485
1.068 174.0 4.699793384894268
1.036 2220.0 3.2696739592095496
1.042 1483.0 3.4498960970406785
1.042 1562.0 3.133639476529288
1.04 1764.0 3.3461031133309147
1.03 2808.0 2.5274213282903566
1.042 1598.0 3.510991800823755
1.046 1107.0 3.784912171218824
1.07 160.0 4.210337811896048
1.038 2007.0 3.4061714989940866
1.038 1685.0 3.267410242170788
1.036 2664.0 2.851138231980045
1.04 1593.0 3.4827031597095406
1.038 1950.0 3.118758821561334
1.034 2727.0 2.6638746227248853
1.032 2731.0 2.5520110976187365
1.044 1407.0 3.5786919646654005
1.052 631.0 4.092547610778756
1.058 365.0 4.614961094263181
1.04 1961.0 3.184170007182016
1.05 897.0 3.9583030273519153
1.044 1603.0 3.354004302336489
1.036 2112.0 2.807081542382643
1.044 1205.0 3.5730709217897445
1.056 657.0 4.489970478547843
1.034 2180.0 2.867754017971828
1.05 893.0 3.729447857998762
1.034 2941.0 2.799926878783911
1.038 1818.0 2.969105763424691
1.034 2228.0 2.9148352519785834
1.032 2773.0 2.583450952250853
1.04 2004.0 3.48300365138178
1.042 1683.0 3.6612845320343457
1.04 1848.0 3.4401168193946265
1.048 1110.0 3.766381053295924
1.036 2273.0 2.96043827913771
1.034 2811.0 2.671364791136211
1.052 850.0 4.018444692287492
1.048 1128.0 3.721540967995126
1.034 2666.0 2.7485563629690555
1.06 356.0 4.26502410268716
1.044 1437.0 3.5132217154930223
1.038 1846.0 3.233636049212204
1.04 1588.0 3.2337777709121447
1.054 678.0 4.0752187327446245
1.038 2192.0 3.016796385457976
1.046 1246.0 3.765905125521823
1.034 2871.0 2.7576085086496973
1.052 1001.0 3.945370565459988
1.062 442.0 4.675882766642773
1.05 838.0 4.176938684122538
1.06 382.0 4.574629389862454
1.034 2049.0 2.7909109562005114
1.04 2099.0 3.1454412713245854
1.04 2337.0 3.0420743231567497
1.056 649.0 4.24177623083827
1.05 943.0 3.9230292201430528
1.04 1393.0 3.3551950250972467
1.036 2019.0 3.4852595764598004
1.038 1906.0 3.283565130056584
1.038 2433.0 3.081652874682469
1.03 2757.0 2.607608006165626
1.032 2959.0 2.65698670486762
1.046 932.0 3.841255727361939
1.044 1414.0 3.514727489497523
1.042 2144.0 3.2236047510812966
1.06 367.0 4.774516777213463
1.048 728.0 3.9061811186611823
1.034 2877.0 2.6966329124039605
1.038 1879.0 3.560761204021752
1.042 1777.0 3.2160509739914533
1.054 624.0 3.844038463835721
1.052 1145.0 3.9742722796786585
1.036 2439.0 2.944523623619402
1.032 2170.0 2.878696578777128
1.044 1136.0 3.675622351005837
1.046 1022.0 3.747231730630184
1.046 1362.0 3.7140884212436256
1.058 610.0 4.446807723422822
1.044 1786.0 3.485400350274157
1.036 2702.0 2.882007380312816
1.046 1524.0 3.4962131921135957
1.034 2924.0 2.791352887310408
1.032 2484.0 2.714557523865313
1.036 2734.0 2.832410672152439
1.038 2176.0 3.139600211350376
1.034 2897.0 2.623646729711646
1.052 867.0 3.819813317727084
1.052 758.0 4.072632420212073
1.036 2067.0 2.977678369281171
1.034 2383.0 2.6985164546045515
1.068 218.0 4.202366405206164
1.066 266.0 4.599681582004037
1.062 359.0 4.624539063428058
1.064 328.0 4.985776078018223
1.04 1868.0 3.429717487868804
1.034 2619.0 2.7020891990238805
1.04 2024.0 3.403611170928625
1.034 2506.0 2.755899203080408
1.04 2050.0 3.0796857823072887
1.046 1101.0 3.763715545983784
1.048 1034.0 3.6587525928646896
1.038 2437.0 2.964746708840635
1.042 1619.0 3.2593748403586864
1.032 2750.0 2.6667091453462475
1.044 1576.0 3.732452800719836
1.032 2421.0 2.689104908256114
1.036 1952.0 3.31396424659634
1.042 1778.0 3.0084083711649794
1.048 745.0 4.162554842716358
1.042 1313.0 3.4241712093642063
1.058 578.0 4.207122100023379
1.046 1366.0 3.718631097954965
1.042 1693.0 3.5360393863840427
1.056 605.0 4.914535148560179
1.05 982.0 3.891549887164273
1.038 1805.0 3.480878060291664
1.05 803.0 4.128029682385688
1.042 1472.0 3.51434062450966
1.064 256.0 4.692412476150831
1.032 2782.0 2.537580338397329
1.046 1636.0 3.6135577522511744
1.056 549.0 3.943981829826801
1.072 148.0 4.955962181477964
1.048 881.0 3.794815472850405
1.03 2919.0 2.372438284050177
1.056 534.0 4.230017182380618
1.048 1123.0 3.701080846134284
1.066 276.0 4.385724578064777
1.044 1648.0 3.3182371287844985
1.036 2672.0 2.912747947420576
1.038 2015.0 3.1028993809315013
1.046 1460.0 3.6322218681286023
1.036 2425.0 2.908095488429365
1.048 883.0 3.807769131474203
1.038 2209.0 2.8654887658821915
1.046 1186.0 3.7098639832300857
1.052 844.0 4.060979946614007
1.034 2556.0 2.8386371572615405
1.054 534.0 4.698341612201144
1.038 2553.0 2.9961592960359127
1.056 516.0 4.0134494844199065
1.038 2031.0 3.658204985491624
1.042 1730.0 3.2937856620481982
1.058 464.0 4.490694088804496
1.042 1603.0 3.110856797523785
1.034 2447.0 2.7197761256173627
1.036 2691.0 3.054722644455073
1.044 1385.0 3.507050598164882
1.034 2349.0 2.8569642769789803
1.034 2456.0 2.821666390079069
1.044 1655.0 3.981800726844269
1.034 2419.0 2.8274107924432794
1.06 365.0 3.982029194015821
1.046 1135.0 3.740415879426471
1.032 2472.0 2.5609741109748865
1.04 2159.0 3.330806117699133
1.06 334.0 4.513572689726447
1.056 577.0 3.8014247083309214
1.032 2554.0 2.710703599434152
1.05 859.0 4.090852622488568
1.058 448.0 3.948371285050511
1.048 1106.0 3.752673142885335
1.034 2666.0 2.9017819485357457
1.044 1385.0 3.651491292581913
1.056 623.0 4.423340562629575
1.074 123.0 4.833754382852902
1.036 1910.0 3.3904097225415777
1.052 759.0 3.810199871949216
1.064 229.0 4.066861269412066
1.034 2035.0 3.083478938622515
1.04 1816.0 3.649814727231654
1.038 1987.0 2.916828056457833
1.04 2118.0 2.9283273512561125
1.058 494.0 4.301738580693409
1.052 785.0 4.161584025350319
1.038 1834.0 3.004380297894449
1.034 2695.0 2.824887105399452
1.04 1697.0 3.1794488740063347
1.05 757.0 3.942771588938776
1.034 2838.0 2.693296342858821
1.044 1129.0 3.6892069242008376
1.038 1744.0 3.0986771256559726
1.03 2837.0 2.4392904130041546
1.038 2107.0 3.073546723794625
1.042 1523.0 3.745337974695989
1.048 984.0 3.8071031491903335
1.034 2881.0 2.711259106959068
1.06 390.0 4.253103903986514
1.06 491.0 4.08162539592831
1.036 2563.0 2.972518416861976
1.05 906.0 3.7921006082200193
1.05 879.0 4.041163993860692
1.062 337.0 4.82014568265762
1.034 2139.0 3.306592064070949
1.036 1911.0 2.904573259109604
1.04 1618.0 3.6373216703703903
1.036 2383.0 2.9796434047323137
1.06 388.0 4.726620839021464
1.042 1680.0 3.421968041581676
1.044 1326.0 3.666464716339035
1.048 1160.0 3.876219479293292
1.036 1791.0 2.8273192471053634
1.064 387.0 4.494839260081629
1.044 1555.0 3.27187825447512
1.044 1382.0 3.542413538253728
1.064 303.0 4.104295958614515
1.048 1189.0 3.747290034850852
1.042 1408.0 3.4782890143740843
1.052 791.0 3.732135720436336
1.044 1274.0 3.623046060546184
1.062 431.0 5.060994791854637
1.034 2398.0 2.69173764167117
1.052 561.0 3.803439371161734
1.036 2429.0 2.8968078316527905
1.046 1108.0 3.889633882389433
1.034 2711.0 2.8065765527258213
1.064 379.0 4.918214596267431
1.038 2297.0 3.16601195546148
1.056 681.0 4.207507192564813
1.078 67.0 5.015414558105355
1.058 582.0 4.099558449621422
1.044 1288.0 3.5437659849603618
1.04 1434.0 3.193572228965864
1.036 1718.0 3.1505179057718977
1.034 2826.0 2.645665689762671
1.048 1086.0 3.87233918858595
1.032 2638.0 2.628274422576374
1.032 2618.0 2.6397045116574263
1.042 1660.0 3.6647897149036623
1.032 2886.0 2.7779733180422514
1.072 149.0 4.4108551610694615
1.036 2456.0 3.015786436429571
1.038 2617.0 2.915392352951163
1.048 952.0 3.91509443428639
1.052 911.0 4.051420234863786
1.036 2883.0 2.923988372630295
1.038 1826.0 3.477455423188825
1.042 1466.0 3.3490106114603866
1.034 1939.0 2.856133212744071
1.044 1633.0 3.365510508941949
1.038 2331.0 3.1686912404689456
1.046 1177.0 3.637657241042412
1.04 1745.0 3.1950324509435197
1.034 2658.0 2.8039153157236245
1.042 1684.0 3.417763446928507
1.036 2258.0 3.179515281322861
1.044 1470.0 3.5642461614268885
1.058 384.0 4.034730310285978
1.03 2881.0 2.3924993548086797
1.036 2572.0 2.8538008452385077
1.064 268.0 4.6083348665623225
1.064 365.0 4.450312963754376
1.034 2986.0 2.5551146933474413
1.038 1827.0 3.2601772519225864
1.038 2276.0 3.0707851298819464
1.034 2293.0 2.8565231483201408
1.038 2385.0 3.066092170739644
1.06 439.0 3.949999121741969
1.036 2721.0 3.053024089560715
1.036 2470.0 2.9526382255624406
1.044 1089.0 3.590478271979516
1.054 734.0 4.385167454586547
1.032 2614.0 2.621250586510221
1.044 1167.0 3.6468060732039502
1.06 405.0 4.428668078966693
1.06 497.0 4.54092241101294
1.044 1276.0 3.5150868979392262
1.058 646.0 4.675961320687551
1.032 2254.0 2.559413544684463
1.08 57.0 5.003097727882109
1.032 2643.0 2.671720129943732
1.038 1830.0 3.5469287857622502
1.064 251.0 4.484193764125981
1.058 684.0 4.528754104495522
1.034 1736.0 3.335515172945932
1.046 1967.0 3.8138856121591016
1.046 1036.0 3.751945707287162
1.036 2047.0 3.1339693616770306
1.05 1142.0 3.835256907556244
1.05 1095.0 3.969753656974531
1.038 2566.0 3.035573591344446
1.056 658.0 4.05757066397754
1.048 1195.0 3.85316988907868
1.056 495.0 4.212929645264693
1.04 1586.0 3.0508009171407884
1.042 1411.0 3.5028047791242747
1.068 202.0 4.901584489155119
1.052 858.0 4.076673161388905
1.03 2969.0 2.398412071320334
1.068 166.0 4.107567700510989
1.038 2076.0 3.406135507314056
1.032 2411.0 2.6526260347728683
1.034 2811.0 2.924183303578204
1.056 547.0 4.100795448564024
1.048 818.0 4.021547150924631
1.05 1032.0 3.814773672256941
1.048 975.0 3.8532474963290215
1.036 2538.0 2.8406958482224813
1.046 1209.0 3.647477672745357
1.032 2734.0 2.7880534365058893
1.058 563.0 4.10389163735289
1.04 1381.0 3.4385485126318955
1.064 283.0 4.522445060682526
1.07 186.0 4.6607857942500885
1.034 2959.0 2.854330680240143
1.038 2140.0 3.3026978451571067
1.042 1465.0 3.4023125407779284
1.034 2945.0 2.662031542484605
1.05 795.0 4.0363135045207175
1.042 1680.0 3.378497506213633
1.046 1117.0 3.621985537881864
1.064 357.0 4.455049066786213
1.044 1345.0 3.634706289029661
1.038 2396.0 3.1822829004603648
1.04 1865.0 3.609540390216994
1.056 608.0 3.953736929706657
1.038 1941.0 3.2493679565452407
1.048 1136.0 3.736063614436823
1.058 527.0 4.599817310003253
1.038 2484.0 2.917220129623121
1.044 1492.0 3.5714490093532687
1.05 960.0 4.053342521179083
1.032 2900.0 2.452006093079436
1.058 493.0 4.329511546026762
1.04 1706.0 3.436151965555899
1.062 390.0 3.940225949460528
1.032 2302.0 2.4806954110059616
1.038 2154.0 3.142984328973044
1.036 2784.0 2.834272268720033
1.068 214.0 4.760797345130786
1.052 901.0 4.287905439795484
1.036 2937.0 2.6840282298077622
1.054 543.0 4.4074262632438925
1.054 615.0 4.72525289615652
1.076 112.0 5.169229084319039
1.068 216.0 4.426060297862104
1.07 143.0 5.020604448782561
1.046 1177.0 3.5890533873626005
1.042 1334.0 3.318811276206073
1.036 2848.0 2.816969352826346
1.048 785.0 4.234963506707202
1.032 2997.0 2.749900026783596
1.08 64.0 5.160524877355612
1.034 2464.0 2.8372307469820446
1.038 2475.0 3.1269056599942915
1.048 951.0 3.809743708316528
1.054 587.0 4.226482009242429
1.038 1905.0 3.1647103969704005
1.038 1940.0 3.3153971219362903
1.048 918.0 3.7863215097759593
1.034 2655.0 2.757064432740104
1.05 793.0 4.042796419496194
1.036 2668.0 2.786845609428122
1.048 1013.0 3.9513243263550097
1.042 1756.0 3.330619937200804
1.078 84.0 4.928975351704535
1.036 2262.0 2.988794683031135
1.04 1409.0 3.452989211287357
1.06 417.0 4.626906871832956
1.036 2263.0 3.021657428294
1.07 211.0 4.919335758078101
1.054 622.0 4.576349622055608
1.042 1548.0 3.4636673067645587
1.036 2964.0 2.9097245455225123
1.05 953.0 3.8135030406697017
1.036 2254.0 3.0225095591580904
1.054 684.0 4.0157206878105045
1.044 1565.0 3.3136154544598164
1.066 345.0 4.167623651542093
1.068 234.0 4.498436839121183
1.068 232.0 4.483291742802014
1.06 483.0 4.214283449422391
1.044 1250.0 3.668728650367618
1.058 446.0 3.955733948325751
1.046 1159.0 3.640007589762837
1.042 1332.0 3.5217604147725607
1.074 85.0 4.663182648139209
1.046 1243.0 3.707433800803397
1.044 1406.0 3.700475860595636
1.04 1803.0 3.652937981746559
1.048 1007.0 3.831045789810041
1.07 182.0 4.849099352951956
1.04 1868.0 3.350168925345557
1.066 253.0 4.356350913854104
1.04 1793.0 3.170360112406843
1.042 1622.0 3.553808278432466
1.056 584.0 3.84532803634956
1.042 1686.0 3.1142321808913005
1.034 1953.0 2.872318259383336
1.04 1772.0 3.331323918268895
1.036 2205.0 2.806990747325401
1.036 2725.0 2.861974215957875
1.052 734.0 3.87521916317378
1.062 346.0 4.487799783492873
1.03 2723.0 2.50029002116625
1.034 2421.0 2.846646708765296
1.038 1980.0 3.259495855022507
1.034 2864.0 2.7575919216004885
1.048 1636.0 3.623962416813839
1.034 2635.0 2.822101665599058
1.044 1583.0 3.3691732786431823
1.046 1091.0 3.727651683737915
1.04 1516.0 3.353092305757281
1.038 1819.0 3.2077350462447702
1.036 2518.0 2.890770888482665
1.036 2548.0 2.920832704695912
1.054 643.0 4.4867333373385945
1.046 1340.0 3.678982164112187
1.058 452.0 4.651448661854886
1.034 2690.0 2.74991639913235
1.06 443.0 4.345372983443046
1.046 1485.0 3.745954333607216
1.07 178.0 4.8405258330759295
1.032 2656.0 2.716830102887862
1.044 1210.0 3.693706198178595
1.032 2760.0 2.5792846850909985
1.046 984.0 3.81365041548241
1.044 1322.0 3.5996814594224347
1.04 2024.0 3.3384597937831093
1.032 2903.0 2.689146049578522
1.068 180.0 4.8110932511981
1.056 592.0 4.223860682620924
1.04 1750.0 3.219882550389382
1.04 1992.0 3.534468139848441
1.042 2025.0 3.158708460864049
1.036 2090.0 2.8864287275254683
1.04 1586.0 3.32762501987159
1.058 465.0 4.526546302529779
1.032 2637.0 2.614210091457399
1.046 1415.0 3.7789331483820976
1.058 474.0 4.084306378755205
1.064 253.0 4.829242120189607
1.036 2902.0 3.059887452799816
1.036 2082.0 3.07871776156747
1.046 892.0 3.8221520321250857
1.052 854.0 3.858025301202753
1.042 1360.0 3.4274608508440974
1.034 2588.0 2.791316007098315
1.036 2742.0 2.8300560735294
1.034 2945.0 2.8088912170432714
1.04 2047.0 3.161938135863323
1.058 546.0 4.117750026852823
1.054 940.0 4.076958194790578
1.08 52.0 5.013452281004516
1.082 63.0 4.837125170832552
1.044 1184.0 3.611816098815989
1.038 2740.0 3.194507908509124
1.042 1669.0 3.660996694422749
1.064 262.0 4.963616469519173
1.038 1939.0 3.374332550905918
1.032 2870.0 2.574009736256885
1.05 1058.0 3.84223910444196
1.036 2132.0 2.874723722904953
1.04 1818.0 3.2631865990054187
1.068 245.0 5.009098936175941
1.04 1614.0 3.5619282965523964
1.032 1964.0 3.153879550706117
1.044 1535.0 3.354281452854193
1.042 2027.0 3.533277511581475
1.036 2157.0 2.9650052806037
1.054 758.0 4.229383510052743
1.044 1259.0 3.6301085103189896
1.066 298.0 4.633509670916749
1.062 387.0 4.742030586541915
1.042 1753.0 3.560051911780859
1.038 1891.0 3.4525176406363074
1.034 2667.0 2.7703272946935
1.048 976.0 3.904136266536864
1.062 447.0 4.46687264055776
1.064 298.0 4.612239186669877
1.044 1387.0 3.618208519239001
1.046 1224.0 3.665017426363462
1.046 1101.0 3.774600387127932
1.076 107.0 5.015313064003079
1.03 2702.0 2.5090264951575416
1.06 431.0 4.961050952148098
1.038 2194.0 3.0058261684451604
1.044 1128.0 3.536026276633257
1.052 721.0 4.39940255018025
1.036 2009.0 2.909390319863826
1.048 1046.0 3.838815261914285
1.04 1819.0 3.138037408104471
1.064 340.0 4.708414918012366
1.036 2617.0 2.893034252745459
1.04 2382.0 3.2033199790845948
1.05 657.0 3.69129566828908
1.04 1555.0 3.345041341449423
1.066 220.0 4.382479685028121
1.046 1321.0 3.589255038546836
1.036 2231.0 2.974736658539447
1.074 83.0 4.737800002152933
1.042 1490.0 3.5772377297209035
1.036 2144.0 3.04643335035354
1.038 2010.0 3.0017418555741147
1.048 1103.0 3.780789028512654
1.046 1108.0 3.693684241597381
1.06 363.0 4.591911524191584
1.058 391.0 4.583755682882399
1.036 2280.0 2.798642418260735
1.054 858.0 4.166227612876548
1.04 2096.0 2.909737896286166
1.042 1675.0 3.649835893485478
1.038 2227.0 3.1157689126007466
1.042 1491.0 3.4174551561738253
1.036 2405.0 2.79816114754204
1.052 766.0 4.047203641027798
1.036 2064.0 2.8306049339162134
1.042 1492.0 3.647007085597144
1.078 61.0 4.758743625502215
1.048 1196.0 3.885141979419847
1.042 1851.0 3.409137106618195
1.046 1126.0 3.7830713512857312
1.052 743.0 3.942644520758968
1.076 98.0 4.8073638439349775
1.05 1109.0 3.9151305546199007
1.056 653.0 4.17295812029389
1.054 563.0 3.852259183570952
1.044 1347.0 3.518206637178453
1.032 2236.0 2.8976837437962226
1.044 1536.0 3.580993192389501
1.032 2857.0 2.625757059203277
1.044 1686.0 3.424049407938808
1.066 257.0 4.566388037432139
1.034 2441.0 2.7775025544485974
1.038 1701.0 3.0731521433970537
1.046 1898.0 3.861298549241568
1.07 271.0 4.099396082983482
1.046 1083.0 3.753829809926564
1.038 2194.0 3.1316661154454217
1.058 408.0 4.281171969555448
1.044 1166.0 3.6950572021716064
1.05 819.0 3.9886522758185783
1.03 2951.0 2.4910199927284524
1.036 2397.0 2.970920458308588
1.036 2701.0 2.898994870002728
1.038 2634.0 3.1367660454324886
1.054 566.0 3.981516981085408
1.056 594.0 4.5320858051579735
1.064 295.0 4.051075534465616
1.07 226.0 4.851876740246076
1.036 2432.0 2.9785276415574646
1.05 739.0 4.346640512290009
1.04 2318.0 3.136851869900914
1.036 2259.0 2.656567889747833
1.04 1969.0 3.701302466789132
1.044 1532.0 3.3248075398311854
1.048 1122.0 3.8464074236683854
1.044 1217.0 3.522110876459714
1.036 2802.0 2.777296864291783
1.038 1717.0 3.2297986245893755
1.036 2452.0 3.010028875386628
1.04 1363.0 3.3868532649418763
1.054 836.0 4.1698804147189925
1.054 839.0 3.971576102464418
1.038 2197.0 3.0071684257816105
1.036 2941.0 2.789887977084616
1.036 2167.0 2.824642154960348
1.036 1885.0 2.901534634489108
1.04 1405.0 3.3605209198798724
1.068 213.0 4.624486219119103
1.058 499.0 4.45530724114327
1.062 373.0 4.729955082245136
1.078 85.0 4.683930708792778
1.056 634.0 4.9040078817247945
1.064 290.0 4.16410134130767
1.062 365.0 4.626860639118063
1.066 222.0 4.50885803122703
1.034 2919.0 2.6413151503345103
1.056 550.0 4.644754287470938
1.044 1189.0 3.5647343051118754
1.036 2115.0 2.875973272448474
1.062 380.0 4.308738126685024
1.044 1049.0 3.626358023641658
1.078 72.0 4.951019300287122
1.04 1722.0 3.0000955147690758
1.046 878.0 3.8169007947550138
1.054 808.0 4.122441630991163
1.03 2935.0 2.3059066520347287
1.044 1421.0 3.518893551265037
1.038 1684.0 3.3052749656830205
1.038 1841.0 3.226270695375076
1.06 404.0 4.184830773024152
1.046 996.0 3.613458797787677
1.072 132.0 4.897224160325109
1.042 1877.0 3.102880612410003
1.056 551.0 4.192200870774648
1.042 1845.0 3.1601254719957907
1.066 220.0 4.738552394072216
1.032 2763.0 2.54205907524426
1.034 2147.0 2.9852799256901776
1.05 906.0 3.991261045358716
1.034 2156.0 3.247603585850021
1.04 1956.0 3.2257801285347902
1.046 1130.0 3.716842389310575
1.034 2702.0 2.953907494443406
1.032 2870.0 2.62787248092275
1.032 2903.0 2.747838893021365
1.04 1565.0 3.194514322082607
1.034 2522.0 2.8453762828179765
1.04 1901.0 3.538461301553059
1.038 2139.0 3.480548906898641
1.054 685.0 4.381515520360328
1.04 2457.0 3.081992291064568
1.036 1669.0 2.9242349906413048
1.034 2527.0 2.8552010532629364
1.054 674.0 4.407591061598523
1.04 1581.0 3.2725058246829244
1.04 1931.0 3.320732700517622
1.056 677.0 4.0236361670246135
1.042 1415.0 3.4502841143813865
1.046 967.0 3.7516590795030726
1.04 1821.0 3.3752074633558475
1.034 2426.0 2.815749333897112
1.074 103.0 4.651791711962889
1.034 2859.0 2.8928062018715086
1.034 2505.0 2.841027018472349
1.064 361.0 4.106287395193693
1.04 1445.0 3.453345489900214
1.066 233.0 4.567379306192769
1.054 663.0 4.371055278166289
1.032 2839.0 2.5855084924894443
1.07 161.0 4.735085304482089
1.038 2028.0 3.256269107803502
1.038 2431.0 3.013516576445708
1.04 1743.0 3.557755858992844
1.038 1630.0 3.258401076701842
1.036 2113.0 3.3007392126166555
1.032 2944.0 2.590649671351408
1.032 2629.0 2.620429436198797
1.056 647.0 3.970300221951192
1.048 1144.0 3.908528760827648
1.044 880.0 3.759650024839908
1.04 2096.0 3.208814263947758
1.036 2135.0 2.8678165341328934
1.036 2134.0 2.979756927158247
1.044 1486.0 3.5650752048980685
1.036 2402.0 2.847010874237005
1.034 2423.0 2.8889539490833878
1.038 2226.0 3.108406828962552
1.052 674.0 4.535357075079548
1.034 2576.0 2.7662248747303657
1.036 2896.0 2.842024455152655
1.032 2929.0 2.672252777031942
1.054 815.0 4.174924401009736
1.042 1294.0 3.441533159918553
1.044 1356.0 3.482973580585673
1.036 2176.0 3.0675223808832355
1.04 1679.0 3.0789117607550005
1.044 1254.0 3.5425991522008617
1.042 1253.0 3.403921809139199
1.044 1617.0 3.265173765111862
1.04 1487.0 3.48028017572402
1.044 1285.0 3.5596504412385888
1.032 2689.0 2.5585259956740547
1.032 2867.0 2.509593396941364
1.064 296.0 5.133184860862125
1.07 207.0 4.666119023895056
1.056 763.0 4.316339244884293
1.038 2217.0 3.149021459393461
1.032 2455.0 2.727907316448137
1.052 706.0 3.954867464229133
1.04 1643.0 3.463759118730233
1.034 2964.0 2.8231480353734955
1.032 2684.0 2.6140454241078244
1.038 2839.0 3.0911590667478506
1.034 2738.0 2.7784027137186724
1.036 2202.0 3.19387177762783
1.046 1283.0 3.6277758222997583
1.056 435.0 3.9894355707291047
1.048 1112.0 3.919611896913291
1.07 155.0 5.125961756116074
1.046 1484.0 3.655482751576898
1.062 378.0 4.396212226908304
1.04 1542.0 3.2112665901043576
1.046 1752.0 3.8045008597128622
1.036 2405.0 2.924016495484812
1.078 81.0 4.935999462837079
1.034 2954.0 2.7381734290656574
1.034 2091.0 2.8275886595600266
1.038 2545.0 3.052675982648269
1.042 1461.0 3.4070885857793214
1.048 1441.0 3.650805713833865
1.042 1278.0 3.4457703711178747
1.048 898.0 3.932535145015529
1.054 721.0 3.6956059970140105
1.038 2546.0 2.9524535160225858
1.042 1681.0 3.4652988297942264
1.054 655.0 4.336938280412708
1.046 1216.0 3.7093191208613714
1.048 827.0 3.8498720715766384
1.046 1145.0 3.652894588708084
1.036 2796.0 2.91962185635269
1.038 2197.0 2.9820702553986864
1.032 2948.0 2.5410247208790957
1.056 586.0 4.373767691102139
1.056 616.0 4.047343039682861
1.036 2099.0 2.837415968635692
1.044 1325.0 3.6484279643277326
1.054 514.0 4.276580274428746
1.038 2416.0 2.9693658142342567
1.04 2070.0 3.850046945449322
1.036 2730.0 2.826745418903749
1.044 1423.0 3.592209644880401
1.06 546.0 4.675464529490466
1.04 2210.0 3.399013211423776
1.042 1702.0 3.3019157681067832
1.056 660.0 4.257219060652327
1.052 1135.0 3.959179814070895
1.034 2866.0 2.76969551708398
1.038 2407.0 3.1818288508794623
1.068 157.0 4.616538881823404
1.05 1178.0 3.874387877057
1.04 2075.0 3.424506141563544
1.072 175.0 4.730281855804379
1.038 2410.0 3.095879028120056
1.042 1789.0 2.997253179520392
1.034 2351.0 2.842296824920926
1.042 1623.0 3.463535869836853
1.036 2294.0 2.8030016631223127
1.048 967.0 3.8802260697047424
1.032 2998.0 2.5680838044586163
1.062 333.0 4.710154925570887
1.074 108.0 4.487754865746208
1.034 2454.0 2.776726269695648
1.056 614.0 4.345104213568909
1.036 3000.0 3.0779447566624487
1.032 2657.0 2.7916092028502466
1.038 1911.0 3.0676426912561707
1.032 2590.0 2.6137357410854456
1.038 2172.0 2.777870356164679
1.064 280.0 4.682448974151237
1.052 925.0 4.028946706895304
1.05 1066.0 3.818498763146041
1.046 1133.0 3.71034056889775
1.036 2130.0 2.9084911703327814
1.038 2061.0 2.7202928747832
1.038 2140.0 3.114008527081969
1.038 2210.0 3.0148562553843
1.034 2767.0 2.7663466139702324
1.036 2598.0 2.920590756388312
1.036 2217.0 3.1239578616320385
1.032 2331.0 2.824917824087609
1.05 747.0 4.16565279381708
1.044 1840.0 3.086855317758942
1.038 1602.0 3.3401567336892706
1.034 2711.0 2.788885377726809
1.036 1935.0 2.980000703502912
1.038 2515.0 3.063798738750048
1.07 163.0 4.929592748053631
1.06 561.0 4.489667827217276
1.058 559.0 4.285812714751275
1.05 861.0 3.9709943397127088
1.054 647.0 4.479456510984095
1.064 304.0 4.9248187594970885
1.038 2346.0 3.054158426453251
1.044 1514.0 3.5507724078649603
1.038 1810.0 3.2542938187078274
1.064 262.0 4.419930390313489
1.066 251.0 4.880937293218104
1.034 2854.0 2.7833184620373475
1.062 307.0 4.497850398851927
1.06 402.0 4.890475329389049
1.042 1894.0 3.232526151347346
1.042 2208.0 3.35378732693294
1.036 2961.0 2.8012860719385246
1.04 2034.0 3.4347608851896405
1.04 2541.0 3.202359666582925
1.056 587.0 4.449657826407337
1.034 2765.0 2.879973299073844
1.036 2456.0 2.8716997517925607
1.058 601.0 4.891803122085274
1.034 2512.0 2.6915239242025137
1.076 114.0 4.961531800792628
1.044 1704.0 2.977980226142133
1.044 1443.0 3.4853762647634605
1.068 187.0 4.407405585547878
1.052 939.0 3.976696012474307
1.04 1433.0 3.621899749718682
1.062 281.0 4.713752056243915
1.03 2748.0 2.507659354427567
1.056 516.0 4.135895884451222
1.038 1850.0 3.188727113466041
1.038 1991.0 3.3146190905153
1.048 943.0 3.6961313395121618
1.052 585.0 4.023699989053561
1.038 2779.0 2.971692004040348
1.054 778.0 4.104834841387051
1.046 1165.0 3.603287171661192
1.05 743.0 4.224457412144459
1.062 361.0 4.628856596718253
1.048 992.0 3.803017389837277
1.044 1221.0 3.549920085275009
1.034 2451.0 2.765580454165645
1.038 1808.0 2.9832307552000623
1.062 285.0 4.728705689997619
1.052 839.0 4.053994804445116
1.034 2872.0 2.8215124704569927
1.048 1094.0 3.751129902153242
1.042 1177.0 3.524218914385735
1.04 1793.0 3.0782130971420334
1.046 998.0 3.746758065074692
1.08 84.0 5.193842841909911
1.046 1293.0 3.809046016673912
1.036 2836.0 2.8391056542100217
1.034 2936.0 2.917909853530354
1.048 1012.0 3.971376550652728
1.036 2059.0 2.8947604128557587
1.032 2998.0 2.8122011838183
1.048 1117.0 3.728568237615125
1.048 1128.0 3.744446398681831
1.036 2297.0 2.99085571403408
1.04 1490.0 3.43371801034458
1.04 1827.0 3.032237156734817
1.038 2621.0 3.072240421249038
1.032 2976.0 2.5554083943141865
1.056 700.0 4.288294327142526
1.034 2356.0 2.9421092506335342
1.04 2618.0 3.1016665900355798
1.038 2417.0 3.043401793657629
1.044 1804.0 4.162504371503098
1.032 2716.0 2.6212072001327025
1.036 2346.0 2.929128910996613
1.046 1222.0 3.695532479247833
1.068 248.0 4.976801820462312
1.042 1758.0 3.207101658821192
1.036 2414.0 3.021623519034662
1.058 513.0 4.17654645528085
1.068 179.0 4.685591898170343
1.066 258.0 4.600984039601831
1.036 1849.0 2.9734393198736813
1.032 2999.0 2.342554000685388
1.046 1061.0 3.756923671856797
1.044 1648.0 3.534121933797721
1.038 2058.0 2.9214380938845603
1.042 1808.0 3.3208684473573955
1.06 504.0 4.588081545322525
1.034 2524.0 2.935153043201869
1.068 172.0 4.1214060804925445
1.058 531.0 4.06042771149276
1.038 2456.0 3.022223955701679
1.046 1030.0 3.622355249634362
1.032 2493.0 2.8737289779178785
1.05 824.0 3.864594024185684
1.03 2745.0 2.5414699800712457
1.034 2192.0 3.058204029753694
1.046 1252.0 3.749841511411336
1.036 2240.0 2.9798526974996093
1.056 584.0 4.086829620783314
1.048 931.0 3.8476583875626846
1.044 1428.0 3.425902514075884
1.048 1060.0 3.865974219249415
1.06 422.0 4.425995171967787
1.036 2338.0 2.880191495674146
1.052 1001.0 4.05646303028762
1.036 1962.0 3.2009965582149507
1.078 63.0 5.101174274943145
1.044 1754.0 3.3205855557297457
1.038 2243.0 3.450248621799962
1.032 2622.0 2.6868893100913978
1.05 854.0 4.227211711691046
1.056 553.0 4.2005022474047005
1.06 444.0 4.225814929517708
1.056 674.0 4.12558224023092
1.044 1443.0 3.5914289712538428
1.042 1721.0 3.1199464994682984
1.042 1875.0 3.4909774827376183
1.054 761.0 4.064415305534975
1.042 1243.0 3.472423118256509
1.038 2750.0 3.084035992063796
1.058 535.0 4.106169453584876
1.044 1316.0 3.664249932677115
1.04 2029.0 3.725837957085596
1.08 93.0 5.051344549830702
1.038 2850.0 2.7515800531238885
1.042 1652.0 3.432688649659291
1.048 816.0 3.765615091861217
1.038 2178.0 2.9326324018579144
1.036 1799.0 3.1392537597841703
1.034 2427.0 2.8318835292130906
1.042 1304.0 3.461711029930773
1.042 1458.0 3.4884765700868354
1.048 1146.0 3.733183640322365
1.036 2270.0 2.9964641282459143
1.036 2607.0 2.821400021628643
1.038 1757.0 2.684301766887273
1.056 479.0 4.5886831684938265
1.042 1342.0 3.50216156699161
1.036 2302.0 2.8584848435274144
1.032 2526.0 2.7024175298247544
1.046 1163.0 3.803883772583836
1.044 1355.0 3.43420450031631
1.048 1024.0 3.835022996453077
1.042 1626.0 3.4129855248979344
1.038 1783.0 3.1783402822724214
1.038 2123.0 3.4450162123264265
1.058 641.0 4.403778983176108
1.048 1483.0 3.588765084426069
1.056 581.0 4.0938768886398815
1.046 1067.0 3.652940714895072
1.054 568.0 4.601595969003035
1.05 882.0 3.9216342418932952
1.042 1366.0 3.415420052336068
1.05 884.0 3.64355087665488
1.04 1870.0 3.106206501162998
1.048 795.0 3.944341677241224
1.048 1031.0 3.676142000079716
1.05 1163.0 3.874024754656088
1.036 2379.0 3.0870312004538927
1.03 2954.0 2.287603809239019
1.036 2565.0 3.1283951198487774
1.07 154.0 4.541142672947438
1.032 2946.0 2.430231877402563
1.052 852.0 4.016303981118646
1.036 2011.0 3.2146665116015978
1.048 974.0 3.799735634062271
1.05 870.0 3.8902199935299007
1.066 204.0 5.238283368712057
1.038 2766.0 3.0171696580976257
1.052 627.0 4.463669887106874
1.038 2671.0 3.0128509550317326
1.036 2281.0 2.9459848214796778
1.034 2438.0 2.8548396710433197
1.034 2894.0 2.8044111058477146
1.066 203.0 4.526429756762061
1.074 91.0 5.330645796795007
1.044 1189.0 3.640351727304971
1.06 526.0 4.504275501545577
1.052 688.0 4.094746269668093
1.05 909.0 3.816690714825616
1.038 2025.0 2.897975006789752
1.038 1952.0 3.492153726830076
1.042 1530.0 3.673170737194562
1.038 2480.0 2.9464518489358418
1.042 1209.0 3.5275996958443185
1.048 1130.0 3.8433466437067856
1.05 858.0 4.254302597663648
1.034 2710.0 2.896937420062049
1.046 1587.0 3.243837338280644
1.034 2114.0 2.53535824374692
1.036 2366.0 2.9662937759989414
1.038 2670.0 3.1081322873876465
1.04 1995.0 3.1726555254352817
1.038 2126.0 3.033909604740901
1.036 2737.0 3.0007854917227768
1.04 1825.0 3.0891082866911472
1.036 2667.0 2.86996800779896
1.034 2902.0 2.699528608383914
1.034 2399.0 2.729090788174961
1.042 1797.0 3.357361662811818
1.048 1210.0 3.713446812917621
1.036 2112.0 3.019322549625872
1.056 493.0 4.10917487271046
1.04 1616.0 3.352738910578503
1.032 2794.0 2.5931143142364177
1.044 1813.0 3.908683999708017
1.066 203.0 5.518669455036389
1.038 2117.0 3.138829869377713
1.034 2473.0 2.883888584348914
1.054 737.0 4.111543054112271
1.038 2315.0 2.856960127935771
1.04 1278.0 3.4227783157581366
1.034 2608.0 2.8392285157715
1.054 628.0 3.83729824539472
1.034 2542.0 2.675442391500021
1.046 1009.0 3.779293619677508
1.036 2164.0 2.900558477711497
1.066 216.0 4.657637420018533
1.052 805.0 3.9195614680878488
1.04 1662.0 3.384975542497291
1.058 567.0 4.255383189154978
1.052 568.0 4.039859845167482
1.042 1354.0 3.5871436390382425
1.04 1657.0 3.1250536465266303
1.04 1841.0 3.161721720198997
1.044 1599.0 3.5761303948445105
1.042 1385.0 3.4798377570349883
1.03 2939.0 2.5550265209022194
1.038 2323.0 2.7919106580280584
1.036 2535.0 2.9647640195119003
1.046 875.0 3.993363136210042
1.048 989.0 3.714840607461674
1.05 1045.0 3.8917020195263103
1.034 2682.0 2.644167014489565
1.058 421.0 4.425806499306613
1.042 1535.0 3.4062906711861687
1.042 1635.0 3.5098430596591528
1.034 1981.0 2.932201920176076
1.058 573.0 4.199635733696781
1.04 1476.0 3.324815803772779
1.068 196.0 4.462618320542789
1.042 1737.0 3.305967201008784
1.042 1408.0 3.7258699908565274
1.04 1653.0 3.1786341328124976
1.07 198.0 4.598966511190884
1.05 755.0 4.104615303566219
1.032 2397.0 2.6185940300125
1.036 2465.0 2.92481118515018
1.058 453.0 4.247430191232599
1.034 2517.0 2.838289006904197
1.038 1864.0 3.332231057325755
1.044 1527.0 3.442551506246362
1.044 1260.0 3.670901984649456
1.034 2529.0 2.79203229415998
1.036 2647.0 2.852918983474121
1.038 2253.0 2.9087600008147363
1.07 175.0 5.129220069348046
1.04 2052.0 3.381916442452149
1.046 1340.0 3.689179611058278
1.04 2220.0 3.1757389470115287
1.042 1259.0 3.393206763191534
1.04 2176.0 3.5370391088164963
1.07 234.0 4.897337802128543
1.044 1392.0 3.5593690561295923
1.036 2353.0 3.0170050707788474
1.046 1114.0 3.695221222448711
1.068 217.0 4.632107537451368
1.04 1700.0 3.2031240998773898
1.046 1051.0 3.766815603348602
1.048 1195.0 3.7727617081485056
1.036 1657.0 3.156194997029364
1.042 1431.0 3.4436186641424045
1.044 1300.0 3.553031969029869
1.048 1221.0 3.897243337265481
1.048 1257.0 3.843615442011235
1.036 1747.0 2.7607059803533014
1.042 1893.0 3.3215369163338107
1.034 2778.0 2.7829923081361674
1.038 1831.0 3.0229837780647517
1.042 1781.0 3.2676195077633694
1.058 439.0 3.999790712180773
1.04 1936.0 3.7078633389741
1.048 806.0 3.6964966149616094
1.036 2144.0 2.8562066300547864
1.046 1291.0 3.6663113274518393
1.058 502.0 4.7731496582117
1.078 69.0 4.701056842855222
1.036 2228.0 2.6614008473726023
1.048 1141.0 3.887422562803667
1.046 1749.0 4.285149720508535
1.034 2456.0 2.8542277197356736
1.03 2818.0 2.5153604674972487
1.046 1442.0 3.577385587850165
1.036 2464.0 2.964335551188926
1.034 2984.0 2.672045513151415
1.07 174.0 5.156843431182972
1.044 1290.0 3.5584845069641458
1.048 965.0 3.855859948601019
1.034 2868.0 2.7058899891072654
1.042 1215.0 3.503480228165086
1.034 2786.0 2.7252911962873863
1.072 124.0 4.546143945879563
1.048 1184.0 3.857990547705566
1.036 1841.0 3.0454859254063016
1.04 2061.0 3.5168438198054326
1.046 1289.0 3.6162473638452335
1.042 1599.0 3.433243889849598
1.042 1555.0 3.4407614527985517
1.046 1962.0 4.278436187005632
1.05 962.0 4.058290714034425
1.046 894.0 3.620897510827664
1.042 1458.0 3.30132907722305
1.046 1127.0 3.691220028921932
1.042 1712.0 3.3227466333994964
1.042 1243.0 3.4945613899606616
1.068 260.0 4.177844078885735
1.046 1247.0 3.798690627384348
1.038 2609.0 3.170960260078408
1.06 328.0 4.483847398447903
1.044 1392.0 3.734956182107636
1.042 2082.0 3.181223853344141
1.046 1472.0 3.922821037830039
1.042 1278.0 3.498697320214524
1.032 2527.0 2.8190144809397557
1.05 895.0 4.025437536917731
1.064 244.0 4.58136236933292
1.056 611.0 4.375094241266038
1.056 543.0 4.121421966188359
1.038 1595.0 3.6524569878997832
1.056 497.0 4.058726467667417
1.048 943.0 3.720636265594492
1.078 71.0 5.083467061781963
1.048 850.0 3.884535185758205
1.062 330.0 5.168779337298874
1.038 2187.0 2.973830450796199
1.034 2645.0 2.661738854054342
1.042 1798.0 3.3151927689504745
1.042 1969.0 3.137778848193541
1.048 851.0 3.7085117510604304
1.048 856.0 3.7062010821538016
1.036 2408.0 2.954357904591906
1.038 2549.0 2.950196275973072
1.042 1661.0 3.2984591613875804
1.034 2838.0 2.7569976278015664
1.032 2453.0 2.761896082371221
1.04 2142.0 3.035881011299672
1.032 2992.0 2.5736210638065806
1.072 127.0 4.791820604945926
1.036 2475.0 2.9245401094472467
1.036 2731.0 2.7469614563703653
1.036 2294.0 3.079390625089801
1.036 2127.0 3.118250589088954
1.056 585.0 3.989055278782131
1.036 1980.0 2.6495388563415974
1.054 683.0 4.088141722979178
1.036 2720.0 2.8627453278267687
1.064 312.0 4.478753942371083
1.048 1103.0 3.793816805219459
1.064 327.0 4.3062850344354215
1.046 1127.0 3.72997894396448
1.034 2336.0 2.865961825544512
1.048 1025.0 3.905113250941853
1.046 1449.0 3.623162021350553
1.04 2326.0 3.148866321681571
1.064 349.0 5.217126090677072
1.036 2647.0 2.9834340258251477
1.048 1068.0 3.785220104452133
1.042 1789.0 3.681545265213852
1.042 1488.0 3.3552861944930754
1.042 1249.0 3.498787410284749
1.056 661.0 3.929503646290882
1.038 1767.0 3.199229269716054
1.036 2331.0 3.0601459783897886
1.06 379.0 4.318300314543708
1.034 2866.0 2.7766507704565577
1.052 636.0 4.455968032586398
1.038 2453.0 2.9609944296444266
1.042 1904.0 3.391000705486971
1.042 1817.0 3.3199049152789843
1.056 480.0 4.613948289391015
1.036 2040.0 3.0929945140753405
1.04 2322.0 3.2820866108922657
1.034 2494.0 2.712178823408347
1.062 316.0 4.101425240312517
1.036 2654.0 2.8900360507416942
1.044 1749.0 3.0662483289922395
1.046 888.0 3.86411221261141
1.074 104.0 4.631997977753841
1.03 2924.0 2.578567825881652
1.04 1734.0 3.027462637854865
1.062 401.0 4.538055077016351
1.036 2386.0 2.8141094645184483
1.048 930.0 3.8050046577025887
1.038 1933.0 3.2043201724095702
1.064 289.0 5.196055459195328
1.038 2205.0 3.105989350950668
1.036 1969.0 2.7490737315631284
1.036 2224.0 3.0765016014962088
1.034 2608.0 2.73048177221729
1.042 1678.0 3.578034599850582
1.04 1682.0 3.289049577582003
1.05 884.0 4.03891314243017
1.058 580.0 4.484786201155412
1.038 2001.0 3.751210821894504
1.042 1587.0 3.5486154461195327
1.034 2545.0 2.751887606547208
1.034 2756.0 2.7690803393872696
1.036 2287.0 3.0109808463416057
1.034 2714.0 2.652196428839388
1.062 299.0 5.187373145198374
1.038 2346.0 3.049873774212648
1.03 2914.0 2.5362061942869416
1.034 2506.0 2.9829392748286456
1.03 2658.0 2.5211522118785
1.046 1423.0 3.72794767093642
1.034 2973.0 2.550621968152679
1.034 2957.0 2.925752017195808
1.048 897.0 3.935246559385751
1.048 1066.0 3.805202293985938
1.044 1544.0 3.480036997281048
1.04 1553.0 3.621932300031375
1.066 235.0 4.370130865975277
1.04 1953.0 3.5802144886131115
1.032 2770.0 2.5922088523465185
1.07 158.0 4.664837327669447
1.066 235.0 5.268359603286116
1.07 152.0 4.828490903925547
1.066 216.0 4.762662652656178
1.038 2474.0 3.165481264266386
1.038 2070.0 2.609468166589191
1.042 1491.0 3.359375878407561
1.04 1571.0 3.513561894635158
1.042 1831.0 3.128489906435476
1.05 954.0 3.865267537086517
1.036 2336.0 3.1397728917934784
1.038 2143.0 2.938037917208915
1.036 2242.0 2.9652735613343744
1.036 2508.0 3.084109848904816
1.034 2821.0 2.6919331115342318
1.046 1208.0 3.727780525844428
1.038 2650.0 2.9608117452668115
1.034 2113.0 2.854085160093874
1.036 2420.0 2.8807108879347227
1.03 2745.0 2.6074333210311367
1.052 817.0 3.900064882776251
1.034 2823.0 2.7946652013397646
1.03 2792.0 2.4760264111276817
1.052 671.0 3.936066396011068
1.05 772.0 4.109339257448372
1.032 2888.0 2.7604076236599844
1.052 835.0 3.870014836780805
1.03 2902.0 2.581031894253601
1.068 167.0 4.946648182706877
1.036 2249.0 2.8969709511113515
1.046 1397.0 3.6425342759343735
1.036 2103.0 2.8506131148058413
1.04 2112.0 3.202244365404871
1.054 504.0 4.561457758643262
1.056 608.0 4.5570824932127865
1.032 2578.0 2.687768507348764
1.042 2087.0 3.0642601730107373
1.056 466.0 4.164505834847107
1.056 606.0 4.575110424472273
1.036 2200.0 3.175030515476695
1.068 142.0 4.70217816116323
1.048 947.0 3.8065335530925184
1.05 752.0 4.049720693565384
1.044 1385.0 3.6689037785222274
1.042 1481.0 3.4600449266223814
1.056 631.0 3.835328934063776
1.044 1142.0 3.615393015906273
1.038 2040.0 3.1807940691923267
1.034 2883.0 2.6373985877021915
1.038 1574.0 2.9678433842772547
1.042 1660.0 3.536594371871051
1.048 1219.0 3.7847482200408336
1.046 1141.0 3.730454137707378
1.052 739.0 3.9409715563974874
1.052 1124.0 4.067977459537424
1.046 1514.0 3.878375524240784
1.038 2130.0 2.9890940840406075
1.036 2470.0 2.7693260423273123
1.034 2924.0 2.7792399440476148
1.046 964.0 3.7722157415721607
1.04 1818.0 3.624638095267259
1.042 1681.0 3.5680903587875865
1.036 2132.0 2.9041286255419325
1.034 2692.0 2.7512648261821893
1.05 784.0 3.898475306882988
1.034 2526.0 2.813180301850967
1.052 854.0 4.332696543671978
1.06 378.0 4.1614906558863725
1.06 382.0 4.307450634916626
1.06 374.0 4.332128349205325
1.062 386.0 4.708050321982318
1.034 2458.0 2.7261915163664776
1.056 774.0 4.170258148040862
1.03 2991.0 2.532292006544867
1.044 1261.0 3.52096816721596
1.03 2989.0 2.5543786284445247
1.04 1971.0 3.5699110719846106
1.054 655.0 4.023181260222208
1.036 2460.0 2.99658482524777
1.056 597.0 3.7702895907676366
1.036 2816.0 2.820465977209166
1.042 1546.0 3.4339296532047907
1.048 1152.0 3.799169339489068
1.034 2648.0 2.721359338980444
1.036 2687.0 2.834507690058236
1.034 2379.0 2.7209159580002966
1.062 359.0 4.8556425546778375
